function avec = simple_eval(n)
  t1 = [343242.34, 3242, 325.3]
  t2 = [34,3432.4, 2342.3]
  avec = [t1: t2]
  

